3827,
1368,
1696,
921,
8746,
76,
1651,
1026,
729,
127,
756,
142,
746,
133,
739,
145,
737,
154,
732,
159,
733,
148,
752,
997,
740,
996,
762,
993,
732,
132,
750,
137,
766,
1011,
703,
155,
723,
159,
691,
201,
648,
256,
621,
250,
631,
261,
559,
332,
547,
337,
532,
361,
531,
380,
495,
362,
512,
371,
505,
418,
471,
382,
495,
386,
487,
402,
473,
435,
468,
398,
470,
415,
461,
420,
464,
433,
460,
419,
464,
463,
417,
423,
487,
412,
457,
477,
405,
424,
459,
420,
460,
433,
460,
426,
458,
1286,
457,
1282,
455,
482,
414,
432,
444,
446,
451,
408,
466,
418,
466,
10076,
3505,
1700,
459,
421,
462,
1278,
462,
416,
466,
429,
466,
448,
432,
420,
465,
433,
450,
427,
464,
423,
460,
424,
457,
420,
467,
429,
478,
405,
465,
1271,
464,
420,
489,
400,
471,
416,
466,
422,
459,
419,
497,
397,
463,
420,
468,
1278,
456,
1280,
463,
1283,
461,
421,
463,
418,
467,
1273,
463,
430,
467,
417,
464,
447,
447,
410,
461,
426,
472,
415,
465,
491,
387,
422,
472,
421,
464,
420,
463,
419,
465,
424,
461,
426,
466,
417,
464,
419,
467,
413,
465,
434,
464,
1276,
458,
1282,
460,
426,
457,
427,
468,
414,
471,
414,
467,
1285,
452,
429,
466,
1276,
461,
1280,
456,
419,
500,
394,
465,
420,
462,
422,
461,
419,
464,
427,
466,
417,
467,
416,
472,
416,
490,
1260,
464,
1274,
463,
1281,
461,
1278,
460,
1288,
458,
471,
461,
1231,
462,
416,
466,
1283,
478,
403,
468,
417,
461,
421,
469,
420,
472,
418,
457,
424,
462,
418,
467,
445,
453,
422,
460,
414,
485,
403,
462,
457,
434,
419,
464,
418,
467,
418,
494,
396,
464,
423,
464,
1282,
470,
1268,
455,
434,
462,
421,
472,
406,
465,
419,
491,
400,
470,
415,
464,
419,
463,
420,
535,
358,
502,
381,
469,
1272,
465,
1277,
457,
430,
478,
406,
461,
420,
465,
420,
465,
458,
431,
432,
447,
433,
456,
421,
475,
414,
473,
410,
464,
421,
465,
433,
451,
427,
461,
423,
468,
412,
465,
427,
457,
434,
470,
412,
465,
416,
460,
423,
462,
430,
468,
420,
460,
418,
463,
421,
465,
1297,
455,
416,
461,
422,
545,
334,
463,
429,
465,
421,
465,
423,
462,
417,
478,
414,
489,
403,
463,
1276,
462,
1276,
455,
432,
462,
424,
461,
419,
469,
409,
466,
431,
462,
1282,
481,
398,
464,
1278,
461,
428,
464,
423,
470,
409,
468,
416,
465,
1274,
473,
