2192687,
3833,
1381,
1684,
939,
10523,
994,
703,
105,
774,
135,
756,
138,
742,
127,
736,
151,
729,
169,
724,
182,
713,
1009,
740,
1004,
734,
1012,
732,
146,
740,
136,
744,
1064,
647,
199,
677,
192,
664,
218,
650,
233,
638,
266,
575,
318,
570,
311,
540,
357,
521,
360,
528,
353,
522,
364,
512,
378,
497,
390,
498,
387,
488,
409,
471,
397,
474,
421,
470,
413,
469,
411,
471,
414,
479,
415,
462,
439,
441,
427,
460,
421,
463,
431,
461,
420,
463,
426,
458,
421,
464,
428,
463,
421,
467,
1282,
448,
1286,
455,
430,
464,
420,
466,
418,
465,
444,
452,
402,
464,
10083,
3496,
1703,
458,
423,
479,
1259,
465,
414,
472,
423,
464,
465,
420,
417,
483,
410,
472,
429,
450,
430,
494,
377,
459,
423,
502,
387,
468,
418,
466,
1300,
446,
419,
502,
383,
462,
419,
466,
418,
468,
415,
464,
426,
465,
421,
475,
1271,
458,
1284,
470,
1329,
404,
418,
467,
414,
468,
1286,
467,
416,
464,
418,
467,
414,
467,
417,
496,
398,
487,
395,
467,
440,
445,
413,
468,
429,
459,
421,
465,
418,
467,
416,
464,
430,
474,
409,
461,
421,
467,
417,
466,
438,
453,
1284,
454,
1283,
458,
421,
460,
430,
466,
416,
460,
424,
494,
388,
467,
1283,
467,
1280,
460,
1274,
459,
420,
463,
430,
462,
434,
451,
418,
491,
411,
447,
427,
466,
424,
459,
419,
467,
415,
464,
1293,
453,
1291,
454,
1279,
459,
1279,
457,
1295,
455,
424,
458,
1282,
455,
421,
466,
1288,
460,
417,
468,
418,
461,
424,
460,
435,
465,
412,
467,
417,
477,
420,
450,
427,
466,
453,
430,
421,
460,
419,
464,
431,
488,
393,
467,
415,
469,
415,
467,
426,
467,
440,
441,
1285,
456,
1280,
460,
430,
463,
416,
468,
414,
464,
420,
465,
430,
466,
487,
393,
420,
462,
421,
462,
430,
466,
419,
464,
1286,
453,
1279,
461,
428,
464,
472,
411,
417,
486,
400,
459,
437,
459,
449,
432,
422,
459,
422,
465,
425,
473,
413,
466,
417,
473,
409,
467,
427,
465,
415,
471,
425,
455,
416,
490,
411,
480,
398,
463,
435,
452,
427,
453,
428,
468,
414,
498,
386,
465,
448,
434,
1292,
459,
416,
466,
417,
469,
415,
467,
425,
468,
421,
458,
426,
470,
410,
465,
424,
469,
418,
467,
1271,
487,
1254,
460,
431,
463,
418,
466,
418,
467,
420,
460,
429,
464,
1281,
460,
418,
462,
421,
464,
1294,
456,
416,
467,
424,
455,
422,
468,
1289,
443,
