Command sequences recorded and decoded from mode2
=================================================

off_24_cool_auto_auto:0100000000000100000001110010000000000000 0 000 110 00 00011 0000000001 1111 0101 000000000000000001100000000001100000000000000000000000010000000001100000 10000001
 on_24_cool_auto_auto:0100000000000100000001110010000000000000 1 000 110 00 00011 0000000001 1111 0101 000000000000000001100000000001100000000000000000000000010000000001100000 01000001
aon_25_cool_auto_auto:0100000000000100000001110010000000000000 1 000 110 00 10011 0000000001 1111 0101 000000000000000001100000000001100000000000000000000000010000000001100000 00100001
  on_25_cool_hiv_auto:0100000000000100000001110010000000000000 1 000 110 00 10011 0000000001 1111 1110 000000000000000001100000000001100000000000000000000000010000000001100000 00101010
    on_25_cool_hiv_1o:0100000000000100000001110010000000000000 1 000 110 00 10011 0000000001 1000 1110 000000000000000001100000000001100000000000000000000000010000000001100000 01100010
    on_25_cool_hiv_5o:0100000000000100000001110010000000000000 1 000 110 00 10011 0000000001 1010 1110 000000000000000001100000000001100000000000000000000000010000000001100000 01010010
    on_25_cool_hiv_3o:0100000000000100000001110010000000000000 1 000 110 00 10011 0000000001 1100 1110 000000000000000001100000000001100000000000000000000000010000000001100000 00010010
    on_25_cool_hiv_4o:0100000000000100000001110010000000000000 1 000 110 00 10011 0000000001 0010 1110 000000000000000001100000000001100000000000000000000000010000000001100000 10010010
    on_25_cool_hiv_2o:0100000000000100000001110010000000000000 1 000 110 00 10011 0000000001 0100 1110 000000000000000001100000000001100000000000000000000000010000000001100000 11100010
 on_25_cool_lowv_auto:0100000000000100000001110010000000000000 1 000 110 00 10011 0000000001 1111 1100 000000000000000001100000000001100000000000000000000000010000000001100000 00101000
 on_25_cool_medv_auto:0100000000000100000001110010000000000000 1 000 110 00 10011 0000000001 1111 1010 000000000000000001100000000001100000000000000000000000010000000001100000 00101100
    on_26_1_auto_auto:0100000000000100000001110010000000000000 1 000 000 00 00001 1100000001 1111 0101 000000000000000001100000000001100000000000000000000000010000000001100000 01000000
    on_26_2_auto_auto:0100000000000100000001110010000000000000 1 000 001 00 01011 0000000001 1111 0101 000000000000000001100000000001100000000000000000000000010000000001100000 01101001
     on_26_3_hiv_auto:0100000000000100000001110010000000000000 1 000 110 00 01011 0000000001 1111 1110 000000000000000001100000000001100000000000000000000000010000000001100000 01101010
    on_26_4_auto_auto:0100000000000100000001110010000000000000 1 000 010 00 00011 0000000001 1111 0101 000000000000000001100000000001100000000000000000000000010000000001100000 01001110
  on_26_cool_hiv_auto:0100000000000100000001110010000000000000 1 000 110 00 01011 0000000001 1111 1110 000000000000000001100000000001100000000000000000000000010000000001100000 01101010
                                                               ^ 41 on/off                        ^^^^ ventilation 69
			                                                         ^^^ mode 45             ^^^^ output 65				                  
                                                                            ^^^^^ temp, backward 50


